2.246644973754882812e+00
4.564647376537322998e-01
-6.882138252258300781e-01
2.019883394241333008e-01
9.776318669319152832e-01
-7.314757108688354492e-01
-1.243159055709838867e+00
-1.871224939823150635e-01
3.918243050575256348e-01
6.873267292976379395e-01
7.523550391197204590e-01
3.822461068630218506e-01
8.022400140762329102e-01
2.371268719434738159e-01
6.753835361450910568e-03
6.890172362327575684e-01
-5.096067786216735840e-01
-1.042757630348205566e+00
-1.348233103752136230e+00
6.551273465156555176e-01
-5.347310900688171387e-01
-4.360915422439575195e-01
-5.630608201026916504e-01
3.893178403377532959e-01
1.494258284568786621e+00
-3.011366426944732666e-01
-1.441904067993164062e+00
1.005301952362060547e+00
-9.778165817260742188e-01
-3.220978006720542908e-02
4.902221858501434326e-01
7.395960092544555664e-01
-5.583630800247192383e-01
-9.634542465209960938e-01
-9.907704591751098633e-01
-1.142697095870971680e+00
-7.284706234931945801e-01
-2.112855762243270874e-02
1.593730449676513672e-01
-2.149901241064071655e-01
4.187902808189392090e-01
7.371374964714050293e-01
5.857713222503662109e-01
-4.873783141374588013e-02
4.918613433837890625e-01
-9.694655537605285645e-01
-3.404973149299621582e-01
-4.460975229740142822e-01
1.000425696372985840e+00
1.559274047613143921e-01
3.918314874172210693e-01
6.677969098091125488e-01
9.630014896392822266e-01
2.627091854810714722e-02
-1.669929742813110352e+00
4.659233689308166504e-01
1.248861998319625854e-01
2.801540195941925049e-01
-3.630181252956390381e-01
-9.494877606630325317e-02
6.623411774635314941e-01
5.942162126302719116e-02
1.020176410675048828e+00
-6.939010620117187500e-01
-1.087020158767700195e+00
1.025278925895690918e+00
-5.437918901443481445e-01
1.288015991449356079e-01
5.508276820182800293e-01
6.776138544082641602e-01
-2.083570212125778198e-01
-2.483019351959228516e+00
-3.600065410137176514e-01
9.004957675933837891e-01
4.900271445512771606e-02
1.048096418380737305e+00
-9.898340702056884766e-01
1.778034448623657227e+00
-8.546823859214782715e-01
-5.833564400672912598e-01
-5.107090249657630920e-02
-1.492421375587582588e-03
2.851775586605072021e-01
-1.307206869125366211e+00
4.860211312770843506e-01
9.953684210777282715e-01
-4.009105265140533447e-01
1.379357129335403442e-01
-1.072903037071228027e+00
1.863148994743824005e-03
-6.490080356597900391e-01
8.580671250820159912e-02
3.447052240371704102e-01
9.310765862464904785e-01
-4.929315149784088135e-01
-5.579878091812133789e-01
1.716984510421752930e+00
6.462106108665466309e-01
-1.138059973716735840e+00
-1.071344614028930664e+00
6.430339813232421875e-01
6.670294702053070068e-02
9.496962279081344604e-02
1.109052263200283051e-02
9.589037299156188965e-01
3.590952455997467041e-01
-9.190748929977416992e-01
-4.428874552249908447e-01
6.325867772102355957e-01
1.080081105232238770e+00
1.798062801361083984e+00
-1.711013793945312500e+00
-1.957890763878822327e-02
-1.078340291976928711e+00
2.511080503463745117e-01
-1.498635765165090561e-02
-3.539336025714874268e-01
3.812331557273864746e-01
2.580317854881286621e-01
-6.434842944145202637e-01
4.413112699985504150e-01
5.582358241081237793e-01
-1.882827401161193848e+00
1.658022642135620117e+00
-1.372480154037475586e+00
-1.426241874694824219e+00
-8.298114687204360962e-02
1.143577814102172852e+00
3.682667016983032227e-01
-1.102244973182678223e+00
-7.107043862342834473e-01
2.181266397237777710e-01
-2.878644168376922607e-01
1.110501646995544434e+00
-9.087028503417968750e-01
4.775258600711822510e-01
-4.366573989391326904e-01
-1.530005335807800293e+00
-7.541350722312927246e-01
-1.489748239517211914e+00
-5.699508786201477051e-01
-8.620160818099975586e-02
-1.362107515335083008e+00
-1.131481826305389404e-01
7.087633609771728516e-01
-7.456831336021423340e-01
5.050095319747924805e-01
1.648403167724609375e+00
-5.694260001182556152e-01
-4.385609030723571777e-01
-4.058114886283874512e-01
-1.440421819686889648e+00
2.183758765459060669e-01
3.117575645446777344e-01
-1.059822320938110352e+00
4.108761250972747803e-01
-1.266885757446289062e+00
-4.065241813659667969e-01
-1.035666704177856445e+00
-5.788150429725646973e-01
-1.037507653236389160e+00
-1.046019077301025391e+00
-6.771796345710754395e-01
8.502261042594909668e-01
8.788138031959533691e-01
-3.290406763553619385e-01
5.282769203186035156e-01
3.726140558719635010e-01
-3.087368309497833252e-01
1.487631052732467651e-01
2.854709625244140625e-01
2.426046878099441528e-01
2.627123594284057617e-01
-4.980171918869018555e-01
-1.339359283447265625e+00
-1.171324372291564941e+00
3.325384259223937988e-01
-1.211243391036987305e+00
1.998999714851379395e-01
9.621824622154235840e-01
-5.033628344535827637e-01
7.005764245986938477e-01
-1.329886674880981445e+00
-1.017741680145263672e+00
6.872315704822540283e-02
-1.187430262565612793e+00
-7.238751649856567383e-01
-7.690988779067993164e-01
6.373760700225830078e-01
-4.674447476863861084e-01
-1.743662916123867035e-02
5.416347384452819824e-01
-1.856380224227905273e+00
-4.204111397266387939e-01
-1.149151682853698730e+00
-6.354694813489913940e-02
-3.116947114467620850e-01
-8.418297171592712402e-01
1.556466221809387207e+00
2.514823377132415771e-01
7.298888564109802246e-01
-1.083381399512290955e-01
-1.539537310600280762e+00
-3.806386888027191162e-01
1.953221298754215240e-02
-1.130542531609535217e-01
-1.068788886070251465e+00
-2.249839454889297485e-01
5.672298669815063477e-01
2.148189783096313477e+00
-4.728390872478485107e-01
-1.151145458221435547e+00
7.352846860885620117e-01
1.780989319086074829e-01
1.297696352005004883e+00
-9.528217911720275879e-01
-1.593323826789855957e+00
2.485812902450561523e-01
1.084227263927459717e-01
-5.354234576225280762e-02
-1.355748534202575684e+00
-5.142952203750610352e-01
8.411790132522583008e-01
-1.358586788177490234e+00
-2.754173994064331055e+00
-7.872077822685241699e-02
-1.083921194076538086e+00
1.320469975471496582e+00
1.850806236267089844e+00
-1.416064381599426270e+00
5.932286977767944336e-01
5.054929256439208984e-01
-2.151942402124404907e-01
-9.664123058319091797e-01
-6.298943161964416504e-01
-1.184307485818862915e-01
1.628394961357116699e+00
8.638457655906677246e-01
-5.535562634468078613e-01
3.063157796859741211e-01
8.205538243055343628e-02
-7.883498072624206543e-01
-4.949950277805328369e-01
9.186450839042663574e-01
9.829926490783691406e-01
-1.952575594186782837e-01
-1.054499506950378418e+00
-9.231883883476257324e-01
1.550202846527099609e+00
1.412742853164672852e+00
-6.294438242912292480e-01
-6.356445699930191040e-02
-1.150078654289245605e+00
6.318345665931701660e-01
-1.052937150001525879e+00
-3.141840398311614990e-01
8.703898191452026367e-01
-2.600853443145751953e-01
-3.283032402396202087e-02
-1.060492873191833496e+00
-6.340098381042480469e-01
-2.095318078994750977e+00
4.320379793643951416e-01
2.302886396646499634e-01
-8.389419317245483398e-01
3.636268377304077148e-01
9.495489597320556641e-01
1.108919382095336914e+00
1.336298465728759766e+00
-1.415092945098876953e+00
-1.436642050743103027e+00
-1.290846109390258789e+00
-4.812878072261810303e-01
8.483753204345703125e-01
3.925626873970031738e-01
1.492740392684936523e+00
4.157041013240814209e-01
-2.055105566978454590e-01
-4.037531837821006775e-02
-1.328111410140991211e+00
8.869497776031494141e-01
4.971894919872283936e-01
6.014436855912208557e-02
-2.940718829631805420e-01
2.593412995338439941e-01
-5.353711172938346863e-02
1.200616240501403809e+00
9.676665067672729492e-02
-6.670488119125366211e-01
-2.406711339950561523e+00
1.852536678314208984e+00
-8.039422631263732910e-01
1.211522698402404785e+00
-1.223372817039489746e+00
-8.679301738739013672e-01
-1.909471988677978516e+00
-1.250366330146789551e+00
1.351885080337524414e+00
5.364531874656677246e-01
1.564748048782348633e+00
4.959007799625396729e-01
1.275350004434585571e-01
5.391351580619812012e-01
5.055077075958251953e-01
1.982531666755676270e+00
1.100892901420593262e+00
-1.960086449980735779e-02
-2.398908853530883789e+00
-3.041900694370269775e-01
5.031166598200798035e-02
1.559742808341979980e+00
5.649972558021545410e-01
-4.022200703620910645e-01
3.249555826187133789e-01
-1.285303831100463867e+00
-2.820214331150054932e-01
8.567634224891662598e-01
1.337993502616882324e+00
1.420447945594787598e+00
3.785747289657592773e-01
1.386418104171752930e+00
3.516038507223129272e-02
5.297243222594261169e-02
3.441740274429321289e-01
8.531770110130310059e-01
-6.532973647117614746e-01
-1.507501117885112762e-02
-1.578722953796386719e+00
1.265606880187988281e+00
1.356094360351562500e+00
1.013146400451660156e+00
6.212939023971557617e-01
1.110315799713134766e+00
1.037601590156555176e+00
8.175961971282958984e-01
-8.974665999412536621e-01
-1.649179160594940186e-01
1.212171077728271484e+00
-1.320679426193237305e+00
2.073698192834854126e-01
-8.591274619102478027e-01
8.270715922117233276e-02
1.683484554290771484e+00
1.288844704627990723e+00
-6.307718157768249512e-01
1.326860427856445312e+00
3.816852867603302002e-01
8.109556138515472412e-02
-7.780251502990722656e-01
2.020398855209350586e+00
-1.771638393402099609e+00
7.988521456718444824e-01
1.196454763412475586e+00
-2.771856263279914856e-02
-2.578923463821411133e+00
6.137820482254028320e-01
2.672279477119445801e-01
-5.894027650356292725e-02
4.212429821491241455e-01
5.256903171539306641e-01
-6.328420042991638184e-01
2.421027123928070068e-01
5.260198712348937988e-01
-1.358691334724426270e+00
1.227847456932067871e+00
-7.590396404266357422e-01
-7.813096046447753906e-01
5.386134386062622070e-01
-1.072781682014465332e+00
-3.162139356136322021e-01
-1.473016381263732910e+00
5.484099984169006348e-01
4.422960281372070312e-01
5.772730112075805664e-01
-2.195045202970504761e-01
9.306429326534271240e-02
-9.950356483459472656e-01
-1.452317833900451660e-01
-1.574028015136718750e+00
1.060428738594055176e+00
-4.693474769592285156e-01
-8.304154127836227417e-02
-1.972531795501708984e+00
-2.227782458066940308e-01
4.859821498394012451e-02
-9.488928914070129395e-01
-1.685450792312622070e+00
-2.433525770902633667e-02
3.664210140705108643e-01
7.306692600250244141e-01
-2.109241724014282227e+00
-1.652800798416137695e+00
-8.013860583305358887e-01
-6.884117126464843750e-01
1.407767176628112793e+00
9.150872826576232910e-01
-6.132150888442993164e-01
-1.491485714912414551e+00
-3.296531438827514648e-01
9.884529113769531250e-01
4.300495684146881104e-01
2.840390503406524658e-01
-8.858897089958190918e-01
2.150235414505004883e+00
9.886658787727355957e-01
-8.179052472114562988e-01
-3.197965323925018311e-01
-1.642647147178649902e+00
-1.220371484756469727e+00
-5.569521188735961914e-01
6.843320131301879883e-01
-1.376851499080657959e-01
-1.036105632781982422e+00
-1.131297349929809570e+00
-6.113139986991882324e-01
-9.738923311233520508e-01
2.721783161163330078e+00
-4.308575987815856934e-01
3.541875183582305908e-01
-1.748325586318969727e+00
2.172848224639892578e+00
3.084587454795837402e-01
2.657909095287322998e-01
6.380468606948852539e-01
-4.414820075035095215e-01
1.436459422111511230e+00
7.170212268829345703e-01
1.922309398651123047e-01
-1.215472698211669922e+00
-2.656825304031372070e+00
-2.130171805620193481e-01
-6.662462353706359863e-01
-1.509808659553527832e+00
1.026529669761657715e+00
2.392997741699218750e-01
-1.751055121421813965e+00
4.014620780944824219e-01
-5.821393132209777832e-01
-1.245860695838928223e+00
6.799506545066833496e-01
-1.014778494834899902e+00
1.712730169296264648e+00
5.044133663177490234e-01
4.016357660293579102e-01
-5.261042714118957520e-01
2.976838350296020508e+00
6.247439980506896973e-01
3.167079389095306396e-02
-2.838150262832641602e-01
4.212324619293212891e-01
-1.913938641548156738e+00
9.442483782768249512e-01
-4.989680275321006775e-02
5.865848064422607422e-01
-4.866575896739959717e-01
4.991653934121131897e-02
6.095836162567138672e-01
1.985858678817749023e-01
1.754500865936279297e+00
7.742891311645507812e-01
3.183070719242095947e-01
1.446417212486267090e+00
-7.574312388896942139e-02
1.823542952537536621e+00
2.295728683471679688e+00
7.528916597366333008e-01
-4.593314826488494873e-01
-2.046773433685302734e-01
-1.562245488166809082e+00
1.291808485984802246e+00
1.170691609382629395e+00
7.407366037368774414e-01
4.525609910488128662e-01
-1.297013640403747559e+00
1.639978289604187012e+00
-5.957518815994262695e-01
-2.635866105556488037e-01
1.050144672393798828e+00
1.457032322883605957e+00
-9.322701692581176758e-01
-2.389630675315856934e-01
-1.532586455345153809e+00
-1.614092350006103516e+00
-4.252894818782806396e-01
6.006570160388946533e-02
5.532796978950500488e-01
8.185806870460510254e-01
5.043809860944747925e-02
-1.094717860221862793e+00
1.599764823913574219e+00
1.543112993240356445e+00
2.395259588956832886e-01
-1.197701573371887207e+00
9.552507400512695312e-01
4.850704669952392578e-01
-1.434568762779235840e-01
1.884723603725433350e-01
1.028886795043945312e+00
1.537876605987548828e+00
-4.241862893104553223e-01
-5.778409074991941452e-03
9.003447890281677246e-01
5.867266654968261719e-01
1.244336485862731934e+00
2.361798435449600220e-01
6.362529397010803223e-01
-8.771075010299682617e-01
-7.614184617996215820e-01
4.664672017097473145e-01
-5.080987215042114258e-01
-8.695920109748840332e-01
3.029325604438781738e-01
-7.097072005271911621e-01
-1.717941999435424805e+00
2.893839180469512939e-01
8.467616438865661621e-01
8.958218097686767578e-01
-1.896149516105651855e-01
-1.375053077936172485e-01
1.514644503593444824e+00
-2.287712574005126953e+00
8.494615554809570312e-01
8.711197376251220703e-01
-4.578301906585693359e-01
-9.764903187751770020e-01
3.516229987144470215e-01
3.775721192359924316e-01
1.515647210180759430e-02
8.430880308151245117e-02
-3.033567965030670166e-01
2.739596962928771973e-01
2.240767717361450195e+00
7.105742692947387695e-01
1.389702439308166504e+00
-3.240659534931182861e-01
1.634722203016281128e-01
-5.503972768783569336e-01
4.208930730819702148e-01
1.215305447578430176e+00
2.642594575881958008e+00
-7.989550828933715820e-01
-7.909116894006729126e-02
-4.584406316280364990e-01
-5.497641563415527344e-01
1.889700591564178467e-01
7.934386134147644043e-01
-1.136494278907775879e+00
-5.732713341712951660e-01
-7.780130505561828613e-01
1.818709373474121094e-01
-3.717816174030303955e-01
-3.180278465151786804e-02
1.609561085700988770e+00
1.047940850257873535e+00
-7.555550932884216309e-01
-4.481986761093139648e-01
-4.842236638069152832e-01
-7.413417696952819824e-01
-7.334084510803222656e-01
5.767388269305229187e-02
-8.723247647285461426e-01
3.128592371940612793e-01
1.844665646553039551e+00
2.221482992172241211e-02
9.187365174293518066e-01
7.958310246467590332e-01
7.816672325134277344e-03
1.491287469863891602e+00
7.674162834882736206e-02
-8.793863058090209961e-01
7.147080898284912109e-01
-3.020484149456024170e-01
8.266804814338684082e-01
4.622668623924255371e-01
-1.619881033897399902e+00
3.528511524200439453e-01
-5.280071496963500977e-01
8.072232604026794434e-01
1.425602100789546967e-02
-4.948940575122833252e-01
2.037130594253540039e+00
-8.588632345199584961e-01
2.233852863311767578e+00
-1.590007394552230835e-01
-1.035500645637512207e+00
2.279580980539321899e-01
-1.584115505218505859e+00
-5.795674920082092285e-01
-5.441452860832214355e-01
5.197505354881286621e-01
-1.266293525695800781e+00
-5.723081231117248535e-01
-1.750643104314804077e-01
3.205868005752563477e-01
1.935589462518692017e-01
-6.365592479705810547e-01
2.986676394939422607e-01
1.512206912040710449e+00
5.301567912101745605e-02
4.822693392634391785e-02
-1.073577880859375000e+00
-1.282301783561706543e+00
-3.171057403087615967e-01
9.569653868675231934e-01
9.558297991752624512e-01
1.405161976814270020e+00
-6.620070338249206543e-01
-3.649851381778717041e-01
2.065969944000244141e+00
1.949513912200927734e+00
-3.545629382133483887e-01
8.078501224517822266e-01
2.623502910137176514e-02
4.316767156124114990e-01
8.160474896430969238e-01
-2.441478669643402100e-01
-2.190037220716476440e-01
-5.903862714767456055e-01
-1.179974436759948730e+00
-9.274541735649108887e-01
-6.850143671035766602e-01
1.661118984222412109e+00
7.699880748987197876e-02
-9.773095697164535522e-02
-4.440649449825286865e-01
1.692654043436050415e-01
4.647521674633026123e-01
1.364478617906570435e-01
6.803463101387023926e-01
8.344278931617736816e-01
3.420546352863311768e-01
-5.831813812255859375e-01
-1.497375667095184326e-01
7.885417342185974121e-01
-1.440441012382507324e+00
1.509323120117187500e+00
-1.970902204513549805e+00
-2.956553399562835693e-01
4.182803332805633545e-01
-1.434909582138061523e+00
-6.269661337137222290e-02
-5.527220964431762695e-01
-2.427505999803543091e-01
-2.320604026317596436e-01
-1.007335305213928223e+00
-1.243790984153747559e+00
1.238402947783470154e-01
-8.549953699111938477e-01
-5.998245477676391602e-01
4.318255484104156494e-01
-8.027746677398681641e-01
2.658526599407196045e-01
2.939652204513549805e-01
-8.052620887756347656e-01
-6.963609457015991211e-01
2.574900388717651367e-01
-4.025514125823974609e-01
-1.228297948837280273e+00
-1.565845489501953125e+00
-1.120236277580261230e+00
-7.724079489707946777e-01
-4.670136272907257080e-01
1.291903376579284668e+00
-8.400267958641052246e-01
1.088245749473571777e+00
-3.125768899917602539e-01
3.865519165992736816e-01
-4.229147918522357941e-03
7.990113496780395508e-01
7.850977033376693726e-02
-1.821042895317077637e+00
6.445635557174682617e-01
-2.500394582748413086e+00
2.352865219116210938e+00
-4.425508081912994385e-01
-1.232994124293327332e-01
9.381232857704162598e-01
1.345348000526428223e+00
2.034569680690765381e-01
-9.331585764884948730e-01
8.198342919349670410e-01
-4.222909510135650635e-01
8.446410894393920898e-01
2.261082530021667480e-01
1.839189529418945312e-01
9.415132552385330200e-02
-5.732134580612182617e-01
1.070428371429443359e+00
4.024748206138610840e-01
-2.859919071197509766e-01
2.561325430870056152e-01
-1.045486927032470703e-01
7.507034540176391602e-01
6.671824455261230469e-01
-1.941766142845153809e-01
1.349541425704956055e+00
8.085954189300537109e-02
-2.568291127681732178e-01
-6.161220669746398926e-01
1.132901191711425781e+00
4.766952991485595703e-01
8.678174018859863281e-01
1.248721554875373840e-01
-5.109286308288574219e-01
1.015486478805541992e+00
-1.934612095355987549e-01
3.691996037960052490e-01
3.654370307922363281e-01
-5.298193097114562988e-01
-7.713274359703063965e-01
-6.279665231704711914e-02
5.248305201530456543e-01
1.436475757509469986e-02
3.296088427305221558e-02
-4.145138897001743317e-03
-2.418020665645599365e-01
2.851965427398681641e-01
-6.088813543319702148e-01
9.989160299301147461e-01
3.426560014486312866e-02
4.246686100959777832e-01
-1.237389966845512390e-01
-8.342214226722717285e-01
7.505357861518859863e-01
-3.299242258071899414e-01
1.515173792839050293e+00
1.360908031463623047e+00
4.532048106193542480e-02
9.354676008224487305e-01
5.081593990325927734e-01
-1.079867482185363770e+00
-1.219017624855041504e+00
1.031308528035879135e-02
1.103805661201477051e+00
9.344733506441116333e-02
-1.142621040344238281e+00
3.503023460507392883e-02
2.026937723159790039e+00
-4.718618988990783691e-01
2.077820539474487305e+00
1.254774570465087891e+00
-1.276105880737304688e+00
1.983374238014221191e+00
-4.706153869628906250e-01
-3.352868137881159782e-03
5.113668441772460938e-01
7.099217772483825684e-01
1.105415672063827515e-01
-1.896886825561523438e-01
-6.459550559520721436e-02
3.567381203174591064e-01
-3.753509521484375000e-01
1.235315561294555664e+00
9.573840498924255371e-01
3.876767456531524658e-01
6.038450598716735840e-01
5.111854672431945801e-01
-1.521188855171203613e+00
-6.170241832733154297e-01
2.787627279758453369e-01
1.116784334182739258e+00
-1.361554622650146484e+00
2.163566052913665771e-01
2.509852349758148193e-01
-9.755180478096008301e-01
1.163791179656982422e+00
1.163622662425041199e-01
-1.696372747421264648e+00
-8.664187192916870117e-01
-1.113288044929504395e+00
2.149652481079101562e+00
-4.016254842281341553e-01
-1.462377429008483887e+00
7.590197920799255371e-01
9.544067978858947754e-01
-1.528818249702453613e+00
-9.591716527938842773e-01
8.708679080009460449e-01
-4.008867442607879639e-01
-5.869966372847557068e-02
8.910523056983947754e-01
1.176084056496620178e-01
8.448885083198547363e-01
5.412303209304809570e-01
