-2.183651030063629150e-01
-1.278373837471008301e+00
-2.191445529460906982e-01
-9.818849563598632812e-01
1.480741262435913086e+00
-1.964238286018371582e+00
7.438747882843017578e-01
5.506220459938049316e-01
-7.482737898826599121e-01
4.514144361019134521e-01
-5.983024835586547852e-01
-5.728019475936889648e-01
1.208258986473083496e+00
-2.110972255468368530e-01
3.076405525207519531e-01
-3.756825029850006104e-01
-8.268361091613769531e-01
2.056720666587352753e-02
3.476215898990631104e-01
-2.992102622985839844e+00
-8.706120848655700684e-01
-9.625859260559082031e-01
-1.038718581199645996e+00
6.366585493087768555e-01
4.529131948947906494e-01
1.221351146697998047e+00
-3.475807309150695801e-01
-1.492783188819885254e+00
-9.999167323112487793e-01
4.514875113964080811e-01
1.032664895057678223e+00
1.051099777221679688e+00
3.908191025257110596e-01
5.898566246032714844e-01
4.928433001041412354e-01
-2.441581636667251587e-01
-3.843695521354675293e-01
3.876730501651763916e-01
6.031517684459686279e-02
1.508623719215393066e+00
-1.708811044692993164e+00
-3.510496318340301514e-01
1.076413750648498535e+00
2.708155512809753418e-01
9.580847024917602539e-01
-1.258284807205200195e+00
1.758677244186401367e+00
1.576479196548461914e+00
2.216533571481704712e-01
-1.653792977333068848e+00
4.046774208545684814e-01
-6.030742526054382324e-01
-1.650643229484558105e+00
5.436453595757484436e-02
3.551146714016795158e-03
-2.731175124645233154e-01
-1.191396713256835938e+00
-8.011004924774169922e-01
1.630067229270935059e+00
-1.586531281471252441e+00
-1.758966296911239624e-01
1.136509537696838379e+00
-9.209683537483215332e-02
-6.566513776779174805e-01
1.478978633880615234e+00
-2.207253694534301758e+00
-4.348925054073333740e-01
-9.614651203155517578e-01
-1.185610294342041016e+00
-3.811471760272979736e-01
4.429128468036651611e-01
-1.766243815422058105e+00
-1.366209089756011963e-01
4.078155755996704102e-01
1.326690793037414551e+00
-8.671687841415405273e-01
6.321793794631958008e-01
7.344097495079040527e-01
7.505455017089843750e-01
-2.898896038532257080e-01
-3.440473377704620361e-01
-1.040016651153564453e+00
1.375253915786743164e+00
7.369240522384643555e-01
-3.826093375682830811e-01
-4.560442864894866943e-01
7.243663072586059570e-02
7.549130320549011230e-01
-1.540567874908447266e+00
4.980802237987518311e-01
-6.604222208261489868e-02
-5.397688746452331543e-01
-4.577713608741760254e-01
-8.984290361404418945e-01
2.477680444717407227e+00
-1.921496629714965820e+00
1.332582473754882812e+00
1.036364957690238953e-01
-6.987389326095581055e-01
-7.974396347999572754e-01
1.763152778148651123e-01
-1.873877644538879395e+00
2.150829553604125977e+00
-1.046145319938659668e+00
5.946176648139953613e-01
-1.204033136367797852e+00
-8.105009794235229492e-02
5.955169796943664551e-01
2.207865864038467407e-01
2.910952828824520111e-02
1.686340332031250000e+00
-2.045986056327819824e-01
3.422264009714126587e-02
7.460876107215881348e-01
-1.647322922945022583e-01
4.610766470432281494e-01
-8.570525050163269043e-01
-9.257575273513793945e-01
-3.094437718391418457e-01
6.251184940338134766e-01
5.028851032257080078e-01
7.563034892082214355e-01
5.370719432830810547e-01
-1.889100074768066406e+00
-7.014772295951843262e-01
-1.000514268875122070e+00
-4.479995071887969971e-01
6.507549285888671875e-01
1.627925224602222443e-02
-5.893920660018920898e-01
6.356105208396911621e-01
7.988771796226501465e-02
-1.349171161651611328e+00
1.588510423898696899e-01
-3.500210940837860107e-01
-1.029180288314819336e+00
-1.081047430634498596e-01
6.056080758571624756e-02
3.203326463699340820e-01
3.286515176296234131e-01
7.175399661064147949e-01
-7.030463218688964844e-01
6.035809516906738281e-01
-5.288660526275634766e-01
7.202047705650329590e-01
1.821792125701904297e+00
1.411296606063842773e+00
-1.088309645652770996e+00
1.253574132919311523e+00
1.427367478609085083e-01
-7.954321503639221191e-01
-9.222470521926879883e-01
1.497012615203857422e+00
8.615578413009643555e-01
-8.363062143325805664e-01
1.837310194969177246e-01
1.324271321296691895e+00
2.254102826118469238e-01
1.481094598770141602e+00
4.547038674354553223e-01
-3.200915157794952393e-01
-1.155143380165100098e-01
-4.331326186656951904e-01
2.045592218637466431e-01
-3.832567036151885986e-01
-1.173638820648193359e+00
1.599090933799743652e+00
3.143042325973510742e-01
2.071624517440795898e+00
-1.195185184478759766e+00
-4.199026525020599365e-01
9.611215591430664062e-01
4.233851730823516846e-01
6.164774894714355469e-01
5.746250748634338379e-01
9.132838845252990723e-01
2.176417827606201172e+00
-1.300366878509521484e+00
-2.448467910289764404e-01
-9.141911864280700684e-01
-1.742992401123046875e+00
-9.780033230781555176e-01
-2.725915312767028809e-01
6.643275022506713867e-01
5.922961235046386719e-02
1.195159673690795898e+00
-7.190704345703125000e-01
1.683879494667053223e+00
-2.029109716415405273e+00
1.672664403915405273e+00
-1.110644266009330750e-01
1.292130112648010254e+00
-1.178828835487365723e+00
3.509283065795898438e-01
1.962177395820617676e+00
-7.738433480262756348e-01
-4.103773534297943115e-01
-2.217680029571056366e-02
7.666382789611816406e-01
1.196460962295532227e+00
-8.629750460386276245e-02
-2.165326833724975586e+00
6.429887562990188599e-02
1.594151407480239868e-01
1.980405598878860474e-01
8.238028287887573242e-01
-5.004726052284240723e-01
-3.168753534555435181e-02
4.393458664417266846e-01
3.563542068004608154e-01
-8.447037935256958008e-01
-8.886917233467102051e-01
-1.892503499984741211e-01
2.104356288909912109e+00
1.260803818702697754e+00
2.527025341987609863e-01
1.759331107139587402e+00
1.573777437210083008e+00
7.232578992843627930e-01
1.370077729225158691e-01
1.273237705230712891e+00
-2.658728122711181641e+00
-1.010211348533630371e+00
-1.733957052230834961e+00
2.915906310081481934e-01
-9.169394373893737793e-01
-9.555389285087585449e-01
-1.137789130210876465e+00
9.465599060058593750e-01
8.749678134918212891e-01
1.340374469757080078e+00
3.997033536434173584e-01
-7.189922928810119629e-01
7.561977505683898926e-01
-6.854239702224731445e-01
3.090438544750213623e-01
-1.823097109794616699e+00
2.129830598831176758e+00
5.985959768295288086e-01
-1.219709515571594238e+00
5.203973650932312012e-01
6.323496699333190918e-01
-1.793514966964721680e+00
-4.526566267013549805e-01
8.404485881328582764e-02
1.506860971450805664e+00
1.080674976110458374e-01
-5.609800666570663452e-02
2.100522667169570923e-01
1.491761326789855957e+00
2.263144105672836304e-01
-1.390364289283752441e+00
9.306138753890991211e-01
8.654721379280090332e-01
1.140346884727478027e+00
5.850864946842193604e-02
-7.692281007766723633e-01
4.951703548431396484e-01
7.228673100471496582e-01
1.980877995491027832e+00
2.379068881273269653e-01
-3.438934385776519775e-01
-2.742433845996856689e-01
-3.609143197536468506e-01
-1.084346532821655273e+00
2.387937903404235840e-01
-1.067029118537902832e+00
7.849367260932922363e-01
2.503909349441528320e+00
-5.848266482353210449e-01
-1.452679395675659180e+00
3.145639002323150635e-01
-2.032599747180938721e-01
-3.260420635342597961e-02
4.343050122261047363e-01
-8.644508123397827148e-01
1.877575218677520752e-01
-8.359963893890380859e-01
-2.255355417728424072e-01
-1.243831276893615723e+00
-1.243765875697135925e-01
7.331222891807556152e-01
1.147346854209899902e+00
5.252830386161804199e-01
-5.235978960990905762e-01
-1.964335680007934570e+00
-4.681653678417205811e-01
-4.731058180332183838e-01
-2.841399796307086945e-02
-1.175112962722778320e+00
-5.543419718742370605e-02
-1.477998942136764526e-01
1.475936323404312134e-01
-1.298569679260253906e+00
-4.572243429720401764e-03
-2.155076712369918823e-01
-1.012196063995361328e+00
4.490699470043182373e-01
3.967795670032501221e-01
6.324598100036382675e-03
1.334250450134277344e+00
1.115707278251647949e+00
2.529669404029846191e-01
-8.726245760917663574e-01
1.979757189750671387e+00
-1.044299006462097168e+00
-1.228093385696411133e+00
-4.465011656284332275e-01
2.858206816017627716e-02
3.401585817337036133e-01
-1.300557494163513184e+00
4.790778756141662598e-01
-2.071130424737930298e-01
-6.622879505157470703e-01
1.136145949363708496e+00
-6.606404781341552734e-01
7.217804789543151855e-01
1.422179043292999268e-01
1.678054094314575195e+00
-1.165266513824462891e+00
1.395900607109069824e+00
1.237392783164978027e+00
-7.165926098823547363e-01
6.111941337585449219e-01
1.156787991523742676e+00
4.231762588024139404e-01
-3.021902143955230713e-01
-1.941337466239929199e+00
3.986115753650665283e-01
-1.007658004760742188e+00
7.246202230453491211e-01
-8.641154766082763672e-01
8.265720009803771973e-01
1.026687741279602051e+00
-1.313087105751037598e+00
-2.749068439006805420e-01
-9.738658666610717773e-01
-6.582501530647277832e-01
-5.885891318321228027e-01
1.591385245323181152e+00
-9.506565332412719727e-01
2.256545275449752808e-01
7.388931512832641602e-01
-1.871131658554077148e+00
1.504131555557250977e+00
-9.800419807434082031e-01
8.686062097549438477e-01
-8.372111916542053223e-01
1.093715071678161621e+00
1.566438317298889160e+00
-1.458204627037048340e+00
-1.901592969894409180e+00
9.029311537742614746e-01
-4.883551597595214844e-01
-3.101413726806640625e+00
-1.025140881538391113e+00
-2.894345223903656006e-01
2.294790744781494141e+00
-1.256321668624877930e+00
1.731703877449035645e-01
1.875537782907485962e-01
-5.364831686019897461e-01
-7.281762361526489258e-01
3.585662245750427246e-01
4.342171251773834229e-01
2.419354952871799469e-02
5.046441555023193359e-01
-1.396914839744567871e+00
-5.794955492019653320e-01
-1.255233645439147949e+00
4.504340291023254395e-01
1.328429460525512695e+00
-2.241536140441894531e+00
-3.726211190223693848e-01
-4.741504490375518799e-01
-1.132980942726135254e+00
-1.745186328887939453e+00
-3.558741509914398193e-01
-1.958779394626617432e-01
-2.302260994911193848e-01
1.556736230850219727e+00
5.598198175430297852e-01
1.012423515319824219e+00
-1.388089776039123535e+00
3.707119524478912354e-01
1.201527833938598633e+00
-1.014442205429077148e+00
-1.266326665878295898e+00
-1.695215940475463867e+00
-3.207330703735351562e-01
-1.106212139129638672e+00
-4.007343351840972900e-01
1.571154713630676270e+00
-8.204891681671142578e-01
-5.052567124366760254e-01
7.754337787628173828e-02
1.008716106414794922e+00
2.487247705459594727e+00
-1.306066989898681641e+00
1.438286453485488892e-01
-9.723353385925292969e-01
-3.356010615825653076e-01
1.144392251968383789e+00
2.817448139190673828e+00
5.169504284858703613e-01
9.196032881736755371e-01
-2.943474054336547852e-01
-5.973611772060394287e-02
-2.626781761646270752e-01
7.839400768280029297e-01
1.409701228141784668e+00
1.249079585075378418e+00
1.378741860389709473e+00
-6.894158720970153809e-01
-1.488399386405944824e+00
3.400504589080810547e-01
2.228102445602416992e+00
3.223492801189422607e-01
-2.000750780105590820e+00
-1.085620403289794922e+00
-1.067858785390853882e-01
5.042240619659423828e-01
-8.974528312683105469e-01
-1.788228988647460938e+00
1.348005175590515137e+00
-7.400269508361816406e-01
-6.088796257972717285e-01
-5.090647935867309570e-02
7.491361498832702637e-01
1.121396794915199280e-01
1.159030437469482422e+00
-2.994396388530731201e-01
-1.072846889495849609e+00
-9.792919158935546875e-01
6.888427734375000000e-01
-1.483199477195739746e+00
8.568921685218811035e-01
-7.002223283052444458e-02
7.351109981536865234e-01
1.598722696304321289e+00
-4.402909874916076660e-01
-4.227657616138458252e-01
7.782954722642898560e-02
7.547146677970886230e-01
-1.347428113222122192e-01
-1.536767244338989258e+00
7.713374495506286621e-02
1.177259206771850586e+00
2.713901363313198090e-02
-6.203138232231140137e-01
1.323907077312469482e-01
-3.427155017852783203e-01
-1.029069185256958008e+00
1.077220514416694641e-01
-2.250199913978576660e-01
-8.324121683835983276e-02
-5.209602713584899902e-01
7.937385439872741699e-01
-5.733483433723449707e-01
1.504321813583374023e+00
9.429922699928283691e-01
-3.624724149703979492e-01
-8.597267866134643555e-01
-1.048510551452636719e+00
5.309597849845886230e-01
5.972329974174499512e-01
9.552262425422668457e-01
1.137167122215032578e-02
-4.485998749732971191e-01
2.143705129623413086e+00
6.948038935661315918e-01
-2.080778360366821289e+00
7.680782675743103027e-01
-1.042483568191528320e+00
5.043897628784179688e-01
8.296141028404235840e-01
-5.831208229064941406e-01
-1.788099050521850586e+00
8.795534819364547729e-02
-5.190752744674682617e-01
-2.002486228942871094e+00
-2.026678472757339478e-01
-2.049218565225601196e-01
-1.268516778945922852e+00
1.125303626060485840e+00
5.349614843726158142e-02
1.582025587558746338e-01
1.226856037974357605e-01
-2.729195058345794678e-01
9.592428207397460938e-01
1.223782896995544434e-01
-9.607566595077514648e-01
3.189873397350311279e-01
-7.698779106140136719e-01
-9.917616248130798340e-01
-1.495398879051208496e+00
1.139191627502441406e+00
-5.941666960716247559e-01
-6.084834411740303040e-02
-1.135124564170837402e+00
-1.705061793327331543e+00
-2.973116338253021240e-01
-7.526776790618896484e-01
1.046519726514816284e-01
-9.977853298187255859e-02
-1.235846042633056641e+00
-2.651396095752716064e-01
-8.555159568786621094e-01
8.546261787414550781e-01
-1.250518679618835449e+00
-1.830397248268127441e-01
-1.278019189834594727e+00
-4.072789549827575684e-01
-1.022919893264770508e+00
1.712170124053955078e+00
-9.304096102714538574e-01
-1.778921008110046387e+00
-2.044914484024047852e+00
-3.390413522720336914e-01
2.680029571056365967e-01
-3.498358726501464844e+00
-1.659801959991455078e+00
1.092154860496520996e+00
4.538241401314735413e-02
4.914254844188690186e-01
1.626618981361389160e+00
-7.035132050514221191e-01
-1.737335801124572754e+00
3.721678256988525391e-01
-1.012061595916748047e+00
9.825871139764785767e-02
-2.586070597171783447e-01
6.567386984825134277e-01
1.803975999355316162e-01
-6.166824325919151306e-02
8.085086941719055176e-01
-5.825604200363159180e-01
4.880494475364685059e-01
-3.792523220181465149e-02
-7.541924715042114258e-01
-2.029061794281005859e+00
-1.092797279357910156e+00
-5.107232332229614258e-01
9.511129856109619141e-01
-1.125437855720520020e+00
-1.165342688560485840e+00
-1.339329957962036133e+00
-1.325969398021697998e-02
3.303849995136260986e-01
2.499150484800338745e-02
-9.942575693130493164e-01
8.181836009025573730e-01
1.007023572921752930e+00
1.161958456039428711e+00
7.533161640167236328e-01
1.248014450073242188e+00
5.745053291320800781e-01
-1.437083125114440918e+00
-1.346910279244184494e-02
8.710440993309020996e-01
-1.543384790420532227e+00
5.522659420967102051e-01
7.025049924850463867e-01
-6.008588671684265137e-01
-1.495605409145355225e-01
1.503823846578598022e-01
-2.383247017860412598e-01
-7.189122959971427917e-03
-2.173367589712142944e-01
1.229608505964279175e-01
2.686310529708862305e+00
1.545291207730770111e-02
-1.713933348655700684e+00
5.425364375114440918e-01
-1.091688275337219238e+00
5.890044569969177246e-01
1.637488603591918945e+00
5.652942061424255371e-01
1.361365914344787598e+00
5.521190762519836426e-01
1.135774970054626465e+00
-5.407044291496276855e-01
1.161023527383804321e-01
-1.396547406911849976e-01
4.007674157619476318e-01
-1.554836392402648926e+00
-1.305322051048278809e-01
1.314078569412231445e+00
5.855068564414978027e-01
-9.705578684806823730e-01
-5.356618762016296387e-01
5.346680879592895508e-01
-9.838520884513854980e-01
-8.794215917587280273e-01
-1.871327459812164307e-01
5.378276109695434570e-01
7.348033785820007324e-01
-3.309784233570098877e-01
2.534980773925781250e-01
-1.826875090599060059e+00
-4.517802596092224121e-01
-1.203935623168945312e+00
-7.741492390632629395e-01
-9.074195623397827148e-01
9.264594316482543945e-01
1.178355216979980469e+00
-2.942901551723480225e-01
5.597957372665405273e-01
3.471205830574035645e-01
-1.206552237272262573e-02
1.709735870361328125e+00
-1.558139361441135406e-02
3.283894658088684082e-01
-2.624662816524505615e-01
1.067164421081542969e+00
1.298488497734069824e+00
2.148011207580566406e+00
-1.749394059181213379e+00
-2.139609336853027344e+00
-4.286477267742156982e-01
-9.243343956768512726e-03
-3.008685708045959473e-01
-1.565522402524948120e-01
-4.813219308853149414e-01
-3.421918451786041260e-01
1.080548286437988281e+00
7.528590559959411621e-01
-7.084278464317321777e-01
6.775645613670349121e-01
-1.301395773887634277e+00
2.469660490751266479e-01
-1.281814336776733398e+00
3.450683355331420898e-01
-8.791250586509704590e-01
-2.957630455493927002e-01
1.978385090827941895e+00
4.577811062335968018e-01
6.341968774795532227e-01
1.513036608695983887e+00
-1.381320953369140625e+00
-5.623856782913208008e-01
-1.246169060468673706e-01
-3.122543394565582275e-01
-1.562165498733520508e+00
-2.527942955493927002e-01
-1.063279509544372559e+00
4.139392971992492676e-01
-1.374061584472656250e+00
1.444997191429138184e+00
4.463672637939453125e-01
-2.538719177246093750e-01
2.283146828413009644e-01
-6.335169076919555664e-01
-1.746822446584701538e-01
-5.070322751998901367e-01
2.129873752593994141e+00
9.569208323955535889e-02
-9.027991890907287598e-01
1.264194250106811523e-01
-6.024352312088012695e-01
-2.406887054443359375e+00
1.047899723052978516e-01
-6.227731704711914062e-01
-3.171006143093109131e-01
8.718953132629394531e-01
-7.316216230392456055e-01
3.860260844230651855e-01
2.012388467788696289e+00
2.783364057540893555e-01
-7.783732414245605469e-01
-1.493136435747146606e-01
-1.551039457321166992e+00
1.924547255039215088e-01
-7.010498642921447754e-01
-4.418794810771942139e-01
7.239441275596618652e-01
-1.206957697868347168e-01
1.996381431818008423e-01
7.438259124755859375e-01
2.721434831619262695e-01
-6.625936031341552734e-01
1.109758734703063965e+00
-5.227862596511840820e-01
-4.008670449256896973e-01
8.779263496398925781e-01
2.736976146697998047e-01
-1.532861590385437012e-01
-4.601316154003143311e-01
-1.109218955039978027e+00
8.975296020507812500e-01
4.453534781932830811e-01
-7.169193029403686523e-01
1.999173521995544434e+00
-7.593773007392883301e-01
5.014285445213317871e-01
1.204874068498611450e-01
1.182451248168945312e+00
-2.486678957939147949e-01
5.449177026748657227e-01
-8.919786810874938965e-01
-3.732887506484985352e-01
1.309023201465606689e-01
2.310572385787963867e+00
-1.262575626373291016e+00
5.249152779579162598e-01
1.069208979606628418e+00
4.791146889328956604e-02
1.257028937339782715e+00
-8.742550015449523926e-02
8.080046176910400391e-01
-1.067843213677406311e-01
-2.492026567459106445e+00
-2.714785635471343994e-01
-3.582358732819557190e-02
-1.749770045280456543e+00
1.817203640937805176e+00
-9.989589452743530273e-01
1.562796682119369507e-01
1.693600863218307495e-01
-6.931951045989990234e-01
8.549368381500244141e-01
1.066702365875244141e+00
6.160057783126831055e-01
-5.711989402770996094e-01
5.127679109573364258e-01
2.151739746332168579e-01
-1.099527239799499512e+00
-5.313377976417541504e-01
-1.809618771076202393e-01
-7.154180407524108887e-01
-4.109646677970886230e-01
5.666308999061584473e-01
4.928385317325592041e-01
-1.460703164339065552e-01
1.127723008394241333e-01
-7.788303494453430176e-01
-1.117453277111053467e-01
5.187966227531433105e-01
9.382031559944152832e-01
1.140891432762145996e+00
-9.003089666366577148e-01
2.012538909912109375e+00
-2.002822309732437134e-01
5.880661606788635254e-01
-1.313397049903869629e+00
-9.537750482559204102e-01
-4.082249104976654053e-01
1.112854242324829102e+00
-2.597192861139774323e-02
-1.008443236351013184e+00
7.447759509086608887e-01
-8.527900278568267822e-02
-2.105068206787109375e+00
-3.835838735103607178e-01
-1.175203800201416016e+00
-6.664648652076721191e-01
-1.479587674140930176e+00
2.268213778734207153e-01
-9.538141489028930664e-01
-8.990386128425598145e-01
-2.073895692825317383e+00
8.827421665191650391e-01
2.105529606342315674e-01
-7.881761193275451660e-01
-7.499722391366958618e-02
1.606131792068481445e+00
-5.672376751899719238e-01
-1.164891123771667480e+00
1.009036540985107422e+00
1.078941822052001953e+00
-5.658346414566040039e-01
2.193780183792114258e+00
9.130900502204895020e-01
3.612831532955169678e-01
-1.267745733261108398e+00
-1.016909837722778320e+00
-1.018413543701171875e+00
4.033513963222503662e-01
-1.511552929878234863e+00
9.963552355766296387e-01
-5.879294499754905701e-02
-1.565606892108917236e-01
-6.501784324645996094e-01
-1.122079268097877502e-01
