8.187938928604125977e-01
-6.284261345863342285e-01
-1.619668841361999512e+00
5.208277106285095215e-01
-7.713854312896728516e-01
1.512750238180160522e-01
2.175362110137939453e-01
-6.458237171173095703e-01
7.894917130470275879e-01
-9.096878767013549805e-01
-2.582131922245025635e-01
8.530728816986083984e-01
-1.004730463027954102e+00
-3.544298410415649414e-01
-7.969691157341003418e-01
2.069839954376220703e+00
-2.643679976463317871e-01
1.068542242050170898e+00
-6.261752545833587646e-02
1.387081980705261230e+00
-2.013843297958374023e+00
2.869486212730407715e-01
1.216039180755615234e+00
1.840264350175857544e-01
9.688200354576110840e-01
-1.094162583351135254e+00
-1.326238274574279785e+00
2.033129453659057617e+00
5.689432621002197266e-01
-5.724783539772033691e-01
-5.697910189628601074e-01
8.809055089950561523e-01
1.967687845230102539e+00
-1.129179522395133972e-01
-5.757408216595649719e-02
-4.036675095558166504e-01
3.880947828292846680e-01
5.987589955329895020e-01
4.291665554046630859e-02
2.236613184213638306e-01
1.006002187728881836e+00
1.523990184068679810e-01
-1.407010704278945923e-01
1.019301824271678925e-03
5.671987533569335938e-01
-6.257432103157043457e-01
-1.173802256584167480e+00
5.446795821189880371e-01
-1.063251018524169922e+00
3.358404636383056641e-01
1.124992251396179199e+00
-8.971868753433227539e-01
-6.416151523590087891e-01
-5.563669800758361816e-01
-8.049039244651794434e-01
-7.289034724235534668e-01
1.599356532096862793e+00
-7.957282662391662598e-02
-1.445013403892517090e+00
-5.511474013328552246e-01
-1.295982122421264648e+00
1.227767944335937500e+00
-3.186931908130645752e-01
5.580013394355773926e-01
3.603251874446868896e-01
-6.378339529037475586e-01
-1.231360554695129395e+00
-1.818844199180603027e+00
1.006072998046875000e+00
-7.253837585449218750e-01
-6.626091003417968750e-01
6.052103638648986816e-02
7.686874866485595703e-01
1.221418619155883789e+00
7.144658565521240234e-01
1.217838287353515625e+00
-8.481045365333557129e-01
2.504659593105316162e-01
-3.044704496860504150e-01
2.093956768512725830e-01
-1.879084706306457520e+00
1.892291158437728882e-01
1.000007867813110352e+00
5.577611327171325684e-01
-3.078097403049468994e-01
3.258431702852249146e-02
-8.244604468345642090e-01
4.200223982334136963e-01
2.113450467586517334e-01
-3.614569902420043945e+00
-6.319064497947692871e-01
1.148415207862854004e+00
1.124021768569946289e+00
1.644974589347839355e+00
4.732272028923034668e-01
5.169399380683898926e-01
-2.592350840568542480e-01
6.288607716560363770e-01
2.527965545654296875e+00
1.574469089508056641e+00
-4.388058185577392578e-01
-1.384341001510620117e+00
-3.602554202079772949e-01
-3.413253724575042725e-01
8.815852925181388855e-03
-1.096274375915527344e+00
-7.595517039299011230e-01
9.295833110809326172e-02
1.419553756713867188e+00
-2.138430118560791016e+00
-2.674141228199005127e-01
1.000884294509887695e+00
7.495371103286743164e-01
1.522314250469207764e-01
-3.217750489711761475e-01
-3.882589340209960938e-01
-9.456298351287841797e-01
-6.093150377273559570e-01
-1.617172241210937500e+00
1.076542615890502930e+00
-1.191663265228271484e+00
-3.767480850219726562e-01
-9.099945425987243652e-01
1.165237352252006531e-01
5.893635153770446777e-01
-1.488377690315246582e+00
2.395891189575195312e+00
-1.212200596928596497e-01
-4.007384181022644043e-01
8.949910402297973633e-01
8.772677928209304810e-02
3.028118908405303955e-01
-5.212003588676452637e-01
1.403977751731872559e+00
-8.856831789016723633e-01
9.670395851135253906e-01
7.778938859701156616e-02
-9.038956165313720703e-01
7.144242525100708008e-01
3.224027752876281738e-01
-1.171378731727600098e+00
1.726936340332031250e+00
3.078517615795135498e-01
3.965061902999877930e-01
8.663383722305297852e-01
1.522858262062072754e+00
-6.500202417373657227e-01
6.715683937072753906e-01
1.137841820716857910e+00
5.750699639320373535e-01
7.447679042816162109e-01
-7.767856717109680176e-01
2.222326993942260742e+00
2.375308036804199219e+00
-1.279122352600097656e+00
1.277511715888977051e+00
6.331921219825744629e-01
-2.934828214347362518e-02
8.613004088401794434e-01
-5.466805770993232727e-02
-1.010316610336303711e+00
2.002080082893371582e-01
-2.040214538574218750e+00
1.367759704589843750e+00
3.786289691925048828e-01
2.250523865222930908e-01
-7.575720548629760742e-01
-1.211785972118377686e-01
-2.010677099227905273e+00
2.356255531311035156e+00
-9.000680446624755859e-01
1.116059422492980957e+00
5.368609428405761719e-01
-3.868362307548522949e-01
7.343392968177795410e-01
1.269967079162597656e+00
1.408248543739318848e-01
3.860635161399841309e-01
-5.877074599266052246e-01
6.815695166587829590e-01
-2.140617966651916504e-01
9.406670928001403809e-01
-6.165072917938232422e-01
1.588004350662231445e+00
-1.295822024345397949e+00
2.900340855121612549e-01
8.073680400848388672e-01
1.920306235551834106e-01
7.557886242866516113e-01
-2.763422206044197083e-02
-7.295349240303039551e-01
-1.489733934402465820e+00
-1.940782904624938965e+00
-5.717951059341430664e-01
4.305853247642517090e-01
-1.245132088661193848e+00
-8.339049220085144043e-01
-7.760034799575805664e-01
-9.061967134475708008e-01
-1.411060094833374023e+00
9.144565463066101074e-01
9.347274303436279297e-01
4.948054254055023193e-02
-1.316501498222351074e-01
-1.716805845499038696e-01
-9.921022504568099976e-02
1.010923385620117188e+00
8.088130950927734375e-01
5.892764776945114136e-02
1.536258697509765625e+00
2.300774753093719482e-01
8.100759983062744141e-01
-3.107574284076690674e-01
5.272484421730041504e-01
-9.951078891754150391e-01
-1.103157401084899902e+00
-1.837549686431884766e+00
-6.219002008438110352e-01
2.496200352907180786e-01
1.215980529785156250e+00
8.303148150444030762e-01
-8.471429347991943359e-02
-1.596931219100952148e+00
-2.980129122734069824e-01
-4.142284393310546875e-01
6.090707778930664062e-01
-2.860155999660491943e-01
-1.489798545837402344e+00
-1.084155678749084473e+00
6.937724947929382324e-01
3.254108726978302002e-01
-1.554196476936340332e-01
2.663433253765106201e-01
8.975751698017120361e-02
-2.265011891722679138e-02
2.940098345279693604e-01
-6.466429829597473145e-01
-1.079389095306396484e+00
2.672702372074127197e-01
5.783774852752685547e-01
-9.592723846435546875e-01
-1.226760983467102051e+00
1.374533772468566895e-01
6.168496012687683105e-01
2.852123677730560303e-01
-4.951480329036712646e-01
3.281254470348358154e-01
-6.200478076934814453e-01
8.047212362289428711e-01
7.021567225456237793e-01
-9.415069222450256348e-02
6.931419372558593750e-01
-1.898134589195251465e+00
-3.629164025187492371e-02
5.528874993324279785e-01
3.458250761032104492e-01
8.781840652227401733e-02
-2.355172187089920044e-01
-1.017553448677062988e+00
8.391467332839965820e-01
8.189967870712280273e-01
-2.700983583927154541e-01
9.923232793807983398e-01
-8.453828692436218262e-01
-5.525479912757873535e-01
8.992668986320495605e-02
5.133255720138549805e-01
-1.719639301300048828e-01
-3.053613007068634033e-01
-6.026678085327148438e-01
1.108604967594146729e-01
5.016412585973739624e-02
3.634743094444274902e-01
-6.892974972724914551e-01
-5.119442343711853027e-01
1.453445792198181152e+00
1.247539401054382324e+00
8.290411829948425293e-01
1.056456685066223145e+00
1.092665553092956543e+00
-5.227164626121520996e-01
-3.332447409629821777e-01
-2.808606386184692383e+00
9.880364537239074707e-01
-9.408598542213439941e-01
-9.567230939865112305e-01
-8.092383146286010742e-01
-1.069172006100416183e-02
1.138913780450820923e-01
-1.771584033966064453e+00
-2.369035005569458008e+00
4.895704239606857300e-02
-1.479478120803833008e+00
-1.646271586418151855e+00
-9.715941548347473145e-01
-2.123602867126464844e+00
1.151838749647140503e-01
9.055922925472259521e-02
-7.265120744705200195e-01
3.707661032676696777e-01
-3.717758953571319580e-01
-3.690963983535766602e-01
1.777686774730682373e-01
6.040336489677429199e-01
6.704543232917785645e-01
1.789798587560653687e-02
4.618557691574096680e-01
7.408628463745117188e-01
-1.118167400360107422e+00
-4.465102776885032654e-02
5.828953981399536133e-01
1.297863483428955078e+00
7.185071110725402832e-01
1.893299818038940430e+00
-4.058276414871215820e-01
2.150975704193115234e+00
-4.699824452400207520e-01
1.578640788793563843e-01
9.829217791557312012e-01
8.816689848899841309e-01
-1.819016933441162109e+00
3.693768084049224854e-01
4.186829030513763428e-01
1.389103978872299194e-01
-4.776165485382080078e-01
8.453202843666076660e-01
1.281879544258117676e+00
1.920339584350585938e+00
3.125781416893005371e-01
8.163191378116607666e-02
-1.605392456054687500e+00
2.778513133525848389e-01
4.351228103041648865e-02
1.140653014183044434e+00
4.801356792449951172e-01
7.920055389404296875e-01
1.002143025398254395e+00
9.334701299667358398e-01
1.039577797055244446e-01
-1.250967860221862793e+00
9.206309914588928223e-01
1.185149669647216797e+00
5.575134158134460449e-01
-5.041181445121765137e-01
-1.741114258766174316e-01
-7.732319831848144531e-01
-1.649389743804931641e+00
-8.332430124282836914e-01
-2.211782634258270264e-01
-2.045395821332931519e-01
-6.565284729003906250e-02
4.647467434406280518e-01
-6.493377685546875000e-02
-1.118485406041145325e-01
1.741486787796020508e+00
1.755350232124328613e+00
7.273331880569458008e-01
4.529755711555480957e-01
-1.168660402297973633e+00
1.219098806381225586e+00
-1.611063957214355469e+00
1.270265690982341766e-02
-4.986588358879089355e-01
3.943711519241333008e-01
-1.200028419494628906e+00
-2.204546213150024414e+00
7.455255985260009766e-01
6.080905795097351074e-01
5.777131319046020508e-01
1.999439120292663574e+00
-9.092371463775634766e-01
1.046004772186279297e+00
2.045135200023651123e-01
-7.100498676300048828e-01
4.017200767993927002e-01
8.613277077674865723e-01
8.541573286056518555e-01
2.531890571117401123e-01
-1.035727143287658691e+00
-9.340272545814514160e-01
1.939996123313903809e+00
1.053895831108093262e+00
-2.298741817474365234e+00
-9.499136209487915039e-01
6.726356744766235352e-01
-2.307672262191772461e+00
8.251365423202514648e-01
7.395753264427185059e-01
4.847440868616104126e-02
2.681897878646850586e-01
-1.170569062232971191e+00
-4.046055078506469727e-01
-2.850066423416137695e-01
4.073831439018249512e-02
6.703333258628845215e-01
8.355730175971984863e-01
-7.359763979911804199e-01
-2.888343036174774170e-01
8.758065700531005859e-01
1.797944307327270508e-01
-2.899258732795715332e-01
5.224196314811706543e-01
-4.585612416267395020e-01
2.346150636672973633e+00
5.913140177726745605e-01
-1.174755930900573730e+00
-4.156655967235565186e-01
-6.811013817787170410e-02
-2.678175270557403564e-01
1.529937505722045898e+00
1.218165516853332520e+00
6.575093418359756470e-02
6.010196208953857422e-01
-1.458951830863952637e+00
4.974452257156372070e-01
1.185494422912597656e+00
-1.271177172660827637e+00
1.546702384948730469e+00
-3.339915573596954346e-01
4.968305230140686035e-01
2.449236869812011719e+00
3.606773912906646729e-01
-1.496744155883789062e-01
-7.363616228103637695e-01
6.634036302566528320e-01
-1.451346874237060547e+00
-1.107513785362243652e+00
4.794860258698463440e-02
3.575623929500579834e-01
-2.850750684738159180e+00
-1.112943410873413086e+00
1.526619642972946167e-01
8.514247536659240723e-01
-1.097130656242370605e+00
-4.084566533565521240e-01
-1.035842075943946838e-01
2.208211570978164673e-01
6.668203473091125488e-01
-1.156442761421203613e+00
1.264289319515228271e-01
5.168001651763916016e-01
-6.443063020706176758e-01
7.024592757225036621e-01
-1.088504865765571594e-01
1.079090952873229980e+00
-4.222788289189338684e-02
-1.395357489585876465e+00
1.468807101249694824e+00
9.370821714401245117e-01
8.092208206653594971e-02
7.372050285339355469e-01
-1.256763577461242676e+00
-2.058768123388290405e-01
-3.412543535232543945e-01
6.262966990470886230e-01
1.968905329704284668e-01
4.016656577587127686e-01
6.593154370784759521e-02
1.550990641117095947e-01
-8.127703666687011719e-01
-2.485297471284866333e-01
-4.244680106639862061e-01
-1.489685893058776855e+00
-1.976643502712249756e-02
-9.270616769790649414e-01
4.417918324470520020e-01
4.251039624214172363e-01
-3.079991340637207031e-01
6.656939983367919922e-01
-1.234656929969787598e+00
1.013453602790832520e+00
-1.646526455879211426e-01
-1.024856686592102051e+00
1.009558320045471191e+00
-1.293432712554931641e-01
7.439703941345214844e-01
5.622075796127319336e-01
-8.730443716049194336e-01
-1.394368767738342285e+00
1.572000145912170410e+00
-5.121238231658935547e-01
1.238738894462585449e+00
9.991852641105651855e-01
7.571902126073837280e-02
-6.926951408386230469e-01
9.278365969657897949e-01
-5.512070655822753906e-01
1.874704211950302124e-01
-5.601230263710021973e-01
7.079057097434997559e-01
5.723240375518798828e-01
-4.232384860515594482e-01
-3.587330579757690430e-01
7.021538615226745605e-01
-4.738135039806365967e-01
-7.693360000848770142e-02
5.767613649368286133e-01
-5.353115797042846680e-01
3.700777590274810791e-01
-2.023617774248123169e-01
1.507264852523803711e+00
1.232816457748413086e+00
5.660642385482788086e-01
-7.154560685157775879e-01
-8.869878202676773071e-02
-3.489812910556793213e-01
1.302716851234436035e+00
8.667259216308593750e-01
-1.234716653823852539e+00
3.977536857128143311e-01
-1.510327577590942383e+00
-9.882799386978149414e-01
-5.516202449798583984e-01
2.688262224197387695e+00
-8.392975926399230957e-01
1.750063180923461914e+00
2.060367822647094727e+00
-9.634788036346435547e-01
-7.347372770309448242e-01
-5.862818285822868347e-02
6.981126666069030762e-01
-4.690507650375366211e-01
-1.950055956840515137e-01
7.126806974411010742e-01
1.734654158353805542e-01
-8.647898435592651367e-01
4.461093842983245850e-01
-1.096400737762451172e+00
1.185365438461303711e+00
-3.547151088714599609e-01
-9.468013793230056763e-02
-3.096575975418090820e+00
1.624322295188903809e+00
3.960585892200469971e-01
4.338698387145996094e-01
-5.508350729942321777e-01
3.510767519474029541e-01
-1.866020495072007179e-03
-1.443121671676635742e+00
5.510169267654418945e-01
-8.977889083325862885e-03
-1.471327096223831177e-01
4.304954782128334045e-02
9.827146530151367188e-01
1.191835284233093262e+00
5.191652476787567139e-02
-2.417784780263900757e-01
-1.603805541992187500e+00
-7.432149648666381836e-01
-1.259817123413085938e+00
2.745111882686614990e-01
3.941757082939147949e-01
-1.746402621269226074e+00
-8.693519830703735352e-01
-6.855561733245849609e-01
4.474577605724334717e-01
7.330538332462310791e-02
1.271101951599121094e+00
-5.091691613197326660e-01
-5.426941439509391785e-02
8.297211527824401855e-01
-6.433115005493164062e-01
-1.460857391357421875e-01
6.074171066284179688e-01
-2.374298423528671265e-01
2.354562282562255859e+00
9.912839531898498535e-01
-2.684260308742523193e-01
1.168494939804077148e+00
-1.429831832647323608e-01
1.578863859176635742e+00
-1.664506644010543823e-01
2.768329679965972900e-01
-6.562377810478210449e-01
-1.230961203575134277e+00
1.271345764398574829e-01
-8.938612788915634155e-02
2.319537997245788574e-01
1.151376217603683472e-01
-2.341324687004089355e-01
-7.120516896247863770e-01
4.884732663631439209e-01
5.718095302581787109e-01
5.477405190467834473e-01
-1.042708516120910645e+00
9.792424738407135010e-02
7.574348449707031250e-01
1.355491876602172852e-01
-8.024861812591552734e-01
-6.632611155509948730e-01
7.907547950744628906e-01
-9.280878305435180664e-01
-1.856521487236022949e+00
1.206043124198913574e+00
-7.351058721542358398e-01
-8.228372782468795776e-02
-1.438072443008422852e+00
2.867803812026977539e+00
-1.351617932319641113e+00
5.668373703956604004e-01
1.108449220657348633e+00
-7.118680477142333984e-01
7.623449563980102539e-01
1.836413443088531494e-01
2.989602386951446533e-01
-1.864504337310791016e+00
3.801909685134887695e-01
9.744593501091003418e-01
2.672675848007202148e+00
5.187785625457763672e-01
2.054793834686279297e+00
-6.653569638729095459e-02
2.746782004833221436e-01
-3.152530193328857422e-01
1.888556778430938721e-01
1.592892408370971680e+00
4.174132943153381348e-01
3.042825460433959961e-01
-8.697776198387145996e-01
9.953335672616958618e-02
-9.082751870155334473e-01
1.129401683807373047e+00
1.540803551673889160e+00
-1.146168634295463562e-01
3.465852141380310059e-01
1.640472710132598877e-01
-1.087056279182434082e+00
1.715579926967620850e-01
-2.205138951539993286e-01
8.563168644905090332e-01
1.847043037414550781e-01
-1.429127216339111328e+00
1.006919741630554199e+00
-4.087362289428710938e-01
-5.615049228072166443e-02
6.539828777313232422e-01
9.961239099502563477e-01
2.225452810525894165e-01
2.220322936773300171e-01
-8.728528022766113281e-02
1.135729670524597168e+00
-1.002452611923217773e+00
5.447654724121093750e-01
6.829497814178466797e-01
1.109504342079162598e+00
1.162646859884262085e-01
-3.120498061180114746e-01
1.641726016998291016e+00
1.491251111030578613e+00
-4.972597062587738037e-01
-5.469142198562622070e-01
-5.373655557632446289e-01
1.013270974159240723e+00
3.956664204597473145e-01
-1.335236430168151855e+00
1.595886468887329102e+00
-1.088431596755981445e+00
2.159919589757919312e-01
5.261691212654113770e-01
-5.828987956047058105e-01
9.053447246551513672e-01
1.770298480987548828e-01
-9.414107203483581543e-01
7.348651885986328125e-01
-5.260363221168518066e-01
-1.965437412261962891e+00
2.253131389617919922e+00
-1.832639694213867188e+00
-7.288540005683898926e-01
-1.622133135795593262e+00
-2.541414797306060791e-01
-3.610289096832275391e-01
-3.247697651386260986e-01
5.635186433792114258e-01
-3.079354465007781982e-01
1.638154685497283936e-01
-1.561723589897155762e+00
-5.113244652748107910e-01
8.628086447715759277e-01
-9.099414199590682983e-02
-7.276936173439025879e-01
1.782513022422790527e+00
-2.091269731521606445e+00
-1.001798883080482483e-01
-5.336543321609497070e-01
3.688919544219970703e-01
-1.242198586463928223e+00
-7.613461613655090332e-01
4.928663969039916992e-01
-8.453603386878967285e-01
9.102082848548889160e-01
-2.118020132184028625e-02
2.109040975570678711e+00
2.252078056335449219e-01
2.267967462539672852e+00
-1.075362801551818848e+00
-3.077644407749176025e-01
-1.951578855514526367e-01
1.376173257827758789e+00
3.691963255405426025e-01
1.679184198379516602e+00
1.455105185508728027e+00
-3.035854697227478027e-01
5.717973113059997559e-01
1.593706905841827393e-01
-1.932612776756286621e+00
-4.790551364421844482e-01
-9.676863551139831543e-01
-1.114342689514160156e+00
2.981583774089813232e-01
-3.857341706752777100e-01
5.211964249610900879e-01
-1.316487312316894531e+00
-8.227381110191345215e-01
-2.329000085592269897e-01
-3.935606405138969421e-02
-5.896592736244201660e-01
2.496433705091476440e-01
-2.980387508869171143e-01
6.818714141845703125e-01
5.003005266189575195e-01
-1.089851737022399902e+00
-1.161369562149047852e+00
8.218232989311218262e-01
8.137566447257995605e-01
-7.706525325775146484e-01
4.781531691551208496e-01
7.600916028022766113e-01
9.045549035072326660e-01
2.097532510757446289e+00
1.502259850502014160e+00
6.652270555496215820e-01
-1.282048076391220093e-01
-2.943708598613739014e-01
-1.219754815101623535e-01
3.521292805671691895e-01
-1.246275305747985840e+00
1.323284804821014404e-01
-4.252899587154388428e-01
-1.577854156494140625e-01
1.379975795745849609e+00
9.360513091087341309e-02
-1.671829581260681152e+00
7.327304482460021973e-01
-1.064184606075286865e-01
5.016433447599411011e-02
1.075934648513793945e+00
3.503952920436859131e-01
1.451865285634994507e-01
8.868291378021240234e-01
6.062590479850769043e-01
4.123340845108032227e-01
-3.171736001968383789e-01
-2.271968841552734375e+00
6.312677860260009766e-01
-4.490471482276916504e-01
9.002759456634521484e-01
9.286437034606933594e-01
-1.059819981455802917e-01
8.170870691537857056e-02
5.180168151855468750e-01
-9.997631311416625977e-01
5.328149199485778809e-01
9.586091637611389160e-01
-1.434949934482574463e-01
3.853016793727874756e-01
-1.436230659484863281e+00
-7.007920742034912109e-01
7.665544748306274414e-02
3.861926794052124023e-01
-1.746235609054565430e+00
6.510368585586547852e-01
1.302508234977722168e+00
3.937055766582489014e-01
2.178829908370971680e-01
3.080237209796905518e-01
-8.023567795753479004e-01
1.679427146911621094e+00
-7.375580817461013794e-02
6.214278340339660645e-01
9.328832477331161499e-02
1.395800113677978516e+00
4.153538346290588379e-01
6.719102859497070312e-01
